6 2 
1 3 
0 48 133 188 93 93 165 199 48 133 165 188 199 
48 0 93 165 133 48 133 199 93 165 188 199 188 
133 93 0 93 188 48 48 165 165 199 199 188 133 
188 165 93 0 199 133 48 93 199 188 165 133 48 
93 133 188 199 0 165 199 165 48 48 93 133 188 
93 48 48 133 165 0 93 188 133 188 199 199 165 
165 133 48 48 199 93 0 133 188 199 188 165 93 
199 199 165 93 165 188 133 0 188 133 93 48 48 
48 93 165 199 48 133 188 188 0 93 133 165 199 
133 165 199 188 48 188 199 133 93 0 48 93 165 
165 188 199 165 93 199 188 93 133 48 0 48 133 
188 199 188 133 133 199 165 48 165 93 48 0 93 
199 188 133 48 188 165 93 48 199 165 133 93 0 
