7 2 
2 3 
0 42 149 199 191 199 82 118 149 82 174 42 174 118 191 
42 0 118 199 199 191 118 149 174 42 191 82 149 82 174 
149 118 0 149 174 118 191 199 199 82 191 174 42 42 82 
199 199 149 0 42 42 174 149 118 191 82 191 118 174 82 
191 199 174 42 0 82 149 118 82 199 42 174 149 191 118 
199 191 118 42 82 0 191 174 149 174 118 199 82 149 42 
82 118 191 174 149 191 0 42 82 149 118 42 199 174 199 
118 149 199 149 118 174 42 0 42 174 82 82 199 191 191 
149 174 199 118 82 149 82 42 0 191 42 118 191 199 174 
82 42 82 191 199 174 149 174 191 0 199 118 118 42 149 
174 191 191 82 42 118 118 82 42 199 0 149 174 199 149 
42 82 174 191 174 199 42 82 118 118 149 0 191 149 199 
174 149 42 118 149 82 199 199 191 118 174 191 0 82 42 
118 82 42 174 191 149 174 191 199 42 199 149 82 0 118 
191 174 82 82 118 42 199 191 174 149 149 199 42 118 0 
